     0/279      7.8G      7.12      75.6         0      82.7         2       512  0.000676   0.00526  0.000654    0.0012      5.15      10.9         0
     1/279     13.1G      6.71      5.97         0      12.7         4       512         0         0   0.00127         0      4.65      3.17         0
     2/279       15G      5.63      4.23         0      9.86         4       512         0         0   0.00759         0      3.95      3.57         0
     3/279       15G      4.66      4.68         0      9.34         2       512         0         0    0.0439         0       3.5       3.7         0
     4/279       15G      4.98      5.47         0      10.4         6       512         1   0.00526     0.297    0.0105      3.38       3.5         0
     5/279       15G      4.87      4.32         0      9.19         2       512         1   0.00526     0.619    0.0105       3.4       2.8         0
     6/279       15G      4.37       4.5         0      8.88         4       512     0.741     0.286     0.563     0.413      3.19      1.76         0
     7/279       15G      4.13      2.88         0      7.01         2       512     0.546     0.759     0.688     0.635      2.96      1.23         0
     8/279       15G      4.55      2.28         0      6.83         2       512     0.205     0.895     0.568     0.334      3.01      2.47         0
     9/279       15G      3.94      1.67         0       5.6         4       512     0.199     0.905     0.694     0.326      3.52      2.86         0
    10/279       15G       5.1      1.89         0      6.98         3       512      0.29     0.926     0.581     0.442      3.15       1.2         0
    11/279       15G      3.56      1.41         0      4.97         4       512     0.547     0.878      0.71     0.674      2.58      1.05         0
    12/279       15G       3.8      1.44         0      5.25         2       512     0.376     0.942     0.669     0.537      2.78     0.885         0
    13/279       15G      3.75      1.17         0      4.92         2       512      0.32     0.953     0.769     0.479      2.81      0.88         0
    14/279       15G      3.68      1.15         0      4.82         2       512     0.315     0.952     0.759     0.474       2.8      1.02         0
    15/279       15G      3.65      1.05         0       4.7         2       512     0.285     0.953     0.732     0.439      3.02     0.892         0
    16/279       15G      3.46      1.12         0      4.59         3       512     0.375     0.953     0.641     0.538      1.91     0.764         0
    17/279       15G      3.15      1.13         0      4.28         2       512     0.231     0.963     0.295     0.373      2.16     0.841         0
    18/279       15G      3.47      1.24         0       4.7         6       512     0.353     0.963     0.492     0.516      2.72     0.678         0
    19/279       15G      3.02      1.06         0      4.08         2       512     0.592     0.958     0.881     0.731      2.38     0.636         0
    20/279       15G      3.33      1.15         0      4.48         5       512     0.594     0.926     0.739     0.724      2.25     0.639         0
    21/279       15G       3.5     0.946         0      4.44         3       512     0.563     0.953      0.82     0.708      2.51     0.605         0
    22/279       15G      3.41     0.982         0      4.39         2       512     0.529     0.958     0.741     0.682      2.21     0.586         0
    23/279       15G       3.2     0.829         0      4.03         1       512     0.584     0.968     0.888     0.729       2.4     0.562         0
    24/279       15G      3.22     0.917         0      4.13         4       512     0.653     0.963     0.839     0.779      2.38     0.617         0
    25/279       15G      3.29     0.854         0      4.14         3       512     0.911     0.963     0.978     0.936      1.91     0.602         0
    26/279       15G      3.29     0.878         0      4.17         2       512     0.714     0.932     0.888     0.808      2.29     0.673         0
    27/279       15G      3.07      1.07         0      4.13         5       512     0.578     0.937     0.696     0.715      2.27     0.631         0
    28/279       15G      2.82     0.889         0      3.71         5       512     0.811     0.905     0.914     0.855      2.01     0.701         0
    29/279       15G      2.69     0.923         0      3.61         4       512     0.851     0.933     0.945      0.89      2.16     0.579         0
    30/279       15G      3.32     0.862         0      4.19         2       512     0.973     0.895     0.987     0.932      2.15      0.69         0
    31/279       15G      3.14     0.868         0      4.01         5       512     0.744       0.9     0.867     0.814      2.33     0.621         0
    32/279       15G      3.33     0.868         0       4.2         5       512     0.848     0.842     0.897     0.845      2.03     0.751         0
    33/279       15G      2.76      1.06         0      3.81         6       512     0.663     0.974     0.843     0.789      2.38     0.535         0
    34/279       15G       3.2     0.848         0      4.05         4       512     0.675     0.953     0.837      0.79      2.12     0.545         0
    35/279       15G      2.89     0.851         0      3.74         2       512     0.851     0.974     0.939     0.908      1.74      0.51         0
    36/279       15G      2.91     0.822         0      3.73         2       512     0.717     0.979     0.834     0.827      1.95     0.503         0
    37/279       15G      2.95     0.915         0      3.86         4       512     0.584     0.979     0.798     0.732      2.29     0.495         0
    38/279       15G      3.02     0.853         0      3.87         3       512     0.916     0.914     0.972     0.915      1.81     0.649         0
    39/279       15G      2.61     0.939         0      3.55         4       512     0.825     0.958     0.972     0.886      2.15     0.558         0
    40/279       15G       2.6     0.964         0      3.57         2       512      0.93     0.953     0.984     0.941      1.79     0.592         0
    41/279       15G      2.55     0.794         0      3.35         1       512     0.744     0.942      0.87     0.831      2.17     0.679         0
    42/279       15G      2.78     0.959         0      3.74         4       512     0.682     0.963     0.925     0.799      2.15     0.656         0
    43/279       15G      2.76     0.869         0      3.62         3       512     0.756      0.98     0.967     0.854      1.87     0.663         0
    44/279       15G      2.77         1         0      3.77         4       512     0.804     0.979     0.952     0.883      1.56     0.567         0
    45/279       15G      2.66     0.851         0      3.51         4       512     0.814     0.968     0.968     0.884      1.97     0.566         0
    46/279       15G       2.6     0.798         0       3.4         2       512     0.782     0.974     0.935     0.867      2.07     0.566         0
    47/279       15G      2.61     0.879         0      3.49         2       512      0.93     0.989     0.983     0.959      1.66     0.525         0
    48/279       15G      2.62     0.784         0       3.4         3       512     0.762     0.989     0.923     0.861      1.83     0.524         0
    49/279       15G      2.29     0.921         0      3.21         4       512     0.892     0.995     0.979      0.94      1.41     0.495         0
    50/279       15G      2.65     0.808         0      3.46         3       512     0.948         1     0.987     0.973      1.56     0.488         0
    51/279       15G      2.36     0.766         0      3.12         3       512     0.931     0.998      0.99     0.964      1.66     0.496         0
    52/279       15G      2.68     0.711         0      3.39         2       512     0.935         1      0.99     0.966      1.68      0.49         0
    53/279       15G      2.43     0.737         0      3.16         2       512     0.961     0.995     0.991     0.978      1.58       0.5         0
    54/279       15G      2.54      0.73         0      3.27         3       512     0.851     0.979      0.93      0.91      1.73      0.52         0
    55/279       15G      2.35     0.804         0      3.16         4       512     0.941     0.989     0.992     0.965      1.61     0.493         0
    56/279       15G      2.72     0.749         0      3.47         2       512     0.896     0.989      0.97      0.94      1.51     0.499         0
    57/279       15G      2.56     0.809         0      3.37         5       512     0.813     0.984     0.945      0.89      1.64     0.469         0
    58/279       15G      2.17     0.738         0      2.91         1       512     0.875     0.984     0.967     0.926      1.79     0.525         0
    59/279       15G      2.58     0.722         0       3.3         1       512     0.894     0.995      0.98     0.942      1.38     0.474         0
    60/279       15G      2.47     0.894         0      3.36         4       512     0.877     0.984     0.968     0.927      2.06      0.48         0
    61/279       15G      2.55     0.736         0      3.29         2       512     0.868     0.989     0.978     0.925      1.64     0.454         0
    62/279       15G      2.49     0.724         0      3.21         1       512     0.846     0.984     0.931      0.91      1.55     0.464         0
    63/279       15G      2.22     0.695         0      2.92         3       512     0.895     0.979     0.956     0.935      1.51     0.474         0
    64/279       15G      2.41      0.84         0      3.25         5       512     0.862     0.984     0.977     0.919      1.85     0.469         0
    65/279       15G      2.35     0.746         0       3.1         2       512     0.939     0.977     0.988     0.958      1.46     0.452         0
    66/279       15G      2.22     0.742         0      2.96         2       512     0.917     0.984     0.972     0.949      1.59     0.465         0
    67/279       15G      2.39     0.833         0      3.23         4       512     0.963     0.989     0.994     0.976      1.51     0.471         0
    68/279       15G      2.04     0.852         0      2.89         3       512     0.906     0.995     0.992     0.948      1.41     0.449         0
    69/279       15G      2.16      0.73         0      2.89         4       512     0.901     0.979     0.981     0.938      1.48     0.488         0
    70/279       15G      2.23      0.71         0      2.94         2       512     0.938     0.984     0.986     0.961      1.19     0.492         0
    71/279       15G      2.14     0.723         0      2.87         5       512     0.872     0.989     0.983     0.927      1.35     0.481         0
    72/279       15G      1.83     0.686         0      2.52         2       512     0.937     0.995     0.987     0.965      1.21     0.492         0
    73/279       15G      2.12     0.686         0       2.8         2       512     0.957     0.984     0.987      0.97      1.11     0.492         0
    74/279       15G      2.37     0.746         0      3.12         6       512     0.969     0.976     0.988     0.972       1.5     0.536         0
    75/279       15G      2.19      0.66         0      2.85         2       512     0.969     0.979      0.99     0.974      1.26     0.499         0
    76/279       15G      2.15     0.786         0      2.94         4       512     0.968     0.974      0.99     0.971      1.21     0.495         0
    77/279       15G      2.06     0.699         0      2.76         4       512     0.963     0.968     0.989     0.966      1.23     0.479         0
    78/279       15G      2.18     0.642         0      2.82         1       512      0.97     0.984     0.991     0.977       1.1     0.475         0
    79/279       15G      1.95     0.682         0      2.63         2       512     0.965     0.984     0.991     0.974      1.34     0.469         0
    80/279       15G         2     0.721         0      2.73         4       512     0.963     0.989     0.993     0.976      1.29     0.474         0
    81/279       15G      1.81     0.616         0      2.43         2       512     0.963     0.995     0.994     0.979      1.29     0.462         0
    82/279       15G      1.72      0.77         0      2.49         4       512     0.977         1     0.995     0.988       1.3     0.447         0
    83/279       15G      2.05     0.797         0      2.85         2       512     0.978         1     0.995     0.989      1.21     0.443         0
    84/279       15G      1.87     0.668         0      2.53         2       512     0.971         1     0.995     0.985      1.14     0.443         0
    85/279       15G       1.9     0.688         0      2.58         2       512      0.97         1     0.994     0.985       1.2     0.428         0
    86/279       15G      1.93     0.781         0      2.71         5       512      0.97         1     0.993     0.985       1.2     0.425         0
    87/279       15G      1.83     0.613         0      2.45         6       512      0.96         1     0.994     0.979      1.34     0.449         0
    88/279       15G      2.03     0.655         0      2.68         3       512     0.969         1     0.994     0.984      1.21     0.468         0
    89/279       15G      1.74     0.631         0      2.38         4       512     0.957         1     0.994     0.978      1.07     0.442         0
    90/279       15G       1.6     0.589         0      2.18         2       512     0.964     0.999     0.994     0.982      1.11      0.45         0
    91/279       15G      1.86     0.775         0      2.63         4       512     0.968         1     0.993     0.984      1.11      0.43         0
    92/279       15G      1.73     0.685         0      2.42         2       512     0.964         1     0.994     0.982      1.23     0.406         0
    93/279       15G      1.72     0.764         0      2.49         5       512     0.962         1     0.994     0.981       1.1     0.411         0
    94/279       15G      1.98     0.758         0      2.73         5       512     0.967     0.995     0.995     0.981      1.05     0.395         0
    95/279       15G      1.61     0.624         0      2.23         4       512     0.972         1     0.995     0.986         1     0.405         0
    96/279       15G      1.64     0.604         0      2.24         2       512     0.976         1     0.995     0.988      0.94     0.407         0
    97/279       15G      1.75     0.676         0      2.42         2       512     0.971         1     0.994     0.985         1     0.421         0
    98/279       15G      1.68     0.638         0      2.32         3       512     0.982         1     0.994     0.991      1.06     0.411         0
    99/279       15G      1.73     0.646         0      2.37         2       512     0.983         1     0.995     0.991     0.946     0.406         0
   100/279       15G      1.96     0.653         0      2.61         4       512     0.987         1     0.995     0.993     0.954     0.402         0
   101/279       15G      1.57     0.543         0      2.11         3       512     0.986         1     0.995     0.993      1.07     0.412         0
   102/279       15G      1.73      0.59         0      2.32         2       512     0.986         1     0.995     0.993      1.23     0.414         0
   103/279       15G      1.88     0.607         0      2.48         3       512     0.983         1     0.995     0.992      0.91     0.388         0
   104/279       15G      1.65     0.584         0      2.24         2       512     0.979         1     0.995     0.989      1.04     0.393         0
   105/279       15G      1.91     0.677         0      2.58         2       512     0.981         1     0.995      0.99     0.903     0.409         0
   106/279       15G      1.61     0.618         0      2.23         2       512     0.977         1     0.995     0.989      1.03     0.382         0
   107/279       15G      1.63     0.518         0      2.15         2       512      0.97         1     0.995     0.985      1.02     0.387         0
   108/279       15G      1.77     0.599         0      2.37         3       512     0.968         1     0.995     0.984     0.963      0.36         0
   109/279       15G      1.61     0.537         0      2.15         2       512     0.971         1     0.995     0.985     0.943     0.367         0
   110/279       15G      1.69     0.613         0       2.3         4       512     0.973         1     0.995     0.986     0.865     0.356         0
   111/279       15G      1.51     0.642         0      2.15         4       512     0.976         1     0.995     0.988     0.882     0.345         0
   112/279       15G      1.63     0.549         0      2.18         4       512     0.977         1     0.995     0.989     0.945     0.335         0
   113/279       15G      1.91     0.685         0       2.6         3       512     0.984     0.998     0.995     0.991     0.896     0.351         0
   114/279       15G      1.72     0.549         0      2.27         3       512     0.992         1     0.995     0.996     0.838     0.347         0
   115/279       15G      1.63      0.54         0      2.17         2       512     0.991         1     0.995     0.996     0.954     0.355         0
   116/279       15G      1.58     0.619         0       2.2         3       512     0.988         1     0.995     0.994     0.909     0.343         0
   117/279       15G       1.6     0.595         0      2.19         2       512      0.99         1     0.994     0.995     0.902     0.328         0
   118/279       15G      1.62     0.561         0      2.18         2       512     0.981         1     0.994      0.99     0.894     0.333         0
   119/279       15G       1.6     0.604         0       2.2         3       512     0.975         1     0.993     0.987     0.889     0.344         0
   120/279       15G      1.35     0.526         0      1.88         1       512     0.977         1     0.994     0.988     0.792     0.353         0
   121/279       15G      1.43     0.599         0      2.03         3       512     0.988         1     0.994     0.994     0.955     0.392         0
   122/279       15G      1.61     0.608         0      2.22         2       512     0.984         1     0.994     0.992     0.905     0.384         0
   123/279       15G      1.61     0.541         0      2.15         2       512     0.984         1     0.994     0.992     0.897     0.359         0
   124/279       15G      1.44     0.538         0      1.98         3       512     0.986         1     0.994     0.993      0.82     0.349         0
   125/279       15G       1.5     0.537         0      2.03         2       512     0.985         1     0.994     0.992     0.797     0.352         0
   126/279       15G      1.56      0.48         0      2.04         3       512     0.985         1     0.994     0.993     0.851     0.335         0
   127/279       15G      1.62     0.567         0      2.19         4       512     0.987         1     0.994     0.993     0.791     0.329         0
   128/279       15G      1.69     0.488         0      2.18         3       512     0.989         1     0.995     0.995     0.752     0.328         0
   129/279       15G      1.38     0.517         0       1.9         5       512     0.989         1     0.995     0.994     0.713     0.328         0
   130/279       15G      1.46     0.549         0      2.01         4       512     0.984     0.999     0.995     0.992     0.765     0.331         0
   131/279       15G      1.49     0.615         0      2.11         3       512     0.984     0.999     0.995     0.992      0.83     0.338         0
   132/279       15G      1.45     0.541         0      1.99         3       512     0.983         1     0.995     0.991     0.739      0.33         0
   133/279       15G      1.33      0.57         0       1.9         3       512     0.974     0.998     0.995     0.986      0.68     0.338         0
   134/279       15G      1.49     0.654         0      2.15         3       512     0.971     0.995     0.994     0.983     0.777     0.355         0
   135/279       15G       1.4     0.558         0      1.95         2       512     0.971     0.995     0.995     0.983     0.739     0.366         0
   136/279       15G      1.31     0.571         0      1.88         2       512     0.976     0.989     0.994     0.983     0.811     0.358         0
   137/279       15G      1.54      0.53         0      2.07         4       512     0.979     0.989     0.994     0.984     0.731     0.339         0
   138/279       15G      1.57      0.54         0      2.11         3       512     0.979     0.995     0.994     0.987     0.838      0.35         0
   139/279       15G      1.49     0.784         0      2.27         6       512     0.977     0.995     0.994     0.986     0.815     0.347         0
   140/279       15G      1.43     0.497         0      1.93         1       512     0.984     0.994     0.995     0.989     0.732     0.352         0
   141/279       15G      1.48     0.613         0       2.1         6       512     0.964     0.991      0.99     0.978      0.78     0.351         0
   142/279       15G      1.52     0.589         0      2.11         3       512     0.982     0.989     0.995     0.986     0.747     0.353         0
   143/279       15G      1.53     0.559         0      2.09         2       512     0.983     0.989     0.994     0.986     0.744     0.344         0
   144/279       15G      1.57     0.562         0      2.14         3       512     0.985     0.989     0.995     0.987     0.754     0.352         0
   145/279       15G       1.3     0.547         0      1.85         1       512     0.979     0.991     0.995     0.985     0.688      0.33         0
   146/279       15G       1.3     0.508         0       1.8         2       512     0.982     0.995     0.995     0.988     0.815     0.342         0
   147/279       15G      1.56     0.578         0      2.14         4       512     0.984     0.999     0.995     0.992     0.696     0.329         0
   148/279       15G      1.29     0.536         0      1.83         2       512      0.98         1     0.994      0.99     0.654     0.318         0
   149/279       15G      1.27     0.549         0      1.82         5       512     0.968         1     0.994     0.984     0.764     0.335         0
   150/279       15G       1.4      0.44         0      1.84         3       512     0.973         1     0.994     0.986     0.726     0.333         0
   151/279       15G      1.45     0.557         0      2.01         7       512     0.976         1     0.994     0.988     0.663     0.334         0
   152/279       15G      1.28     0.469         0      1.74         2       512     0.977         1     0.994     0.989     0.617     0.321         0
   153/279       15G      1.39     0.464         0      1.85         2       512     0.979         1     0.995     0.989     0.669     0.324         0
   154/279       15G      1.19      0.41         0       1.6         2       512     0.983         1     0.995     0.992     0.727     0.331         0
   155/279       15G      1.36     0.529         0      1.89         4       512     0.983         1     0.995     0.991      0.66     0.314         0
   156/279       15G      1.23     0.415         0      1.65         2       512     0.984         1     0.995     0.992     0.652     0.298         0
   157/279       15G      1.34     0.531         0      1.88         3       512     0.978         1     0.995     0.989     0.666     0.282         0
   158/279       15G      1.23     0.489         0      1.72         4       512     0.969         1     0.995     0.984     0.678     0.285         0
   159/279       15G      1.31     0.481         0       1.8         3       512     0.979     0.997     0.995     0.988     0.664     0.283         0
   160/279       15G      1.28     0.466         0      1.74         4       512     0.986     0.995     0.995      0.99     0.665     0.263         0
   161/279       15G      1.04     0.399         0      1.44         1       512     0.989     0.995     0.995     0.992     0.608     0.266         0
   162/279       15G      1.15     0.481         0      1.63         3       512     0.986     0.995     0.995      0.99     0.685     0.273         0
   163/279       15G       1.3     0.516         0      1.82         5       512      0.99     0.995     0.995     0.993     0.612     0.274         0
   164/279       15G      1.08     0.389         0      1.47         3       512     0.991     0.995     0.995     0.993     0.624     0.271         0
   165/279       15G      1.21     0.516         0      1.72         2       512      0.99     0.995     0.995     0.992     0.599      0.26         0
   166/279       15G      1.19      0.51         0       1.7         3       512     0.995     0.998     0.995     0.996     0.632     0.264         0
   167/279       15G      1.02     0.423         0      1.44         3       512     0.995     0.999     0.995     0.997     0.584     0.266         0
   168/279       15G      1.18     0.436         0      1.62         2       512     0.994         1     0.995     0.997     0.555     0.266         0
   169/279       15G      1.05     0.462         0      1.51         2       512     0.992         1     0.995     0.996      0.57     0.267         0
   170/279       15G      1.01     0.527         0      1.54         3       512     0.995     0.999     0.995     0.997     0.619     0.263         0
   171/279       15G       1.1     0.417         0      1.52         1       512     0.995     0.999     0.995     0.997     0.571      0.25         0
   172/279       15G      1.19     0.477         0      1.67         4       512     0.991     0.995     0.995     0.993     0.561     0.248         0
   173/279       15G      1.21     0.506         0      1.71         6       512      0.99     0.995     0.995     0.993     0.546     0.244         0
   174/279       15G     0.942     0.381         0      1.32         3       512     0.991     0.995     0.995     0.993     0.537     0.241         0
   175/279       15G      1.07     0.401         0      1.47         3       512      0.99     0.995     0.995     0.992     0.529     0.236         0
   176/279       15G      1.08      0.45         0      1.53         3       512      0.99     0.999     0.995     0.994     0.568     0.237         0
   177/279       15G      1.02     0.491         0      1.52         5       512     0.987         1     0.995     0.994     0.538     0.235         0
   178/279       15G     0.933     0.375         0      1.31         3       512      0.99         1     0.994     0.995     0.548     0.232         0
   179/279       15G     0.978     0.379         0      1.36         1       512      0.99     0.999     0.994     0.994      0.55     0.235         0
   180/279       15G      1.08     0.454         0      1.54         3       512     0.988         1     0.994     0.994     0.506     0.229         0
   181/279       15G      1.05     0.447         0      1.49         2       512     0.989         1     0.995     0.994     0.528     0.236         0
   182/279       15G      1.18     0.441         0      1.62         4       512     0.989         1     0.995     0.995      0.52      0.22         0
   183/279       15G      1.02     0.411         0      1.44         1       512     0.989         1     0.995     0.994     0.496     0.213         0
   184/279       15G      1.14     0.425         0      1.56         1       512     0.984     0.998     0.993     0.991     0.563     0.229         0
   185/279       15G      1.29     0.438         0      1.73         3       512     0.987     0.995     0.994     0.991     0.532      0.23         0
   186/279       15G      1.14     0.377         0      1.51         3       512     0.987     0.995     0.995     0.991     0.558     0.237         0
   187/279       15G       1.3      0.45         0      1.75         3       512     0.987     0.995     0.995     0.991     0.554     0.232         0
   188/279       15G      1.14     0.409         0      1.55         3       512     0.987     0.995     0.995     0.991     0.487     0.222         0
   189/279       15G      1.14     0.427         0      1.57         2       512     0.982     0.995     0.995     0.988     0.533     0.228         0
   190/279       15G      1.03      0.41         0      1.44         3       512     0.985     0.995     0.995      0.99     0.559     0.231         0
   191/279       15G      1.26     0.417         0      1.68         4       512     0.981     0.995     0.995     0.988     0.501     0.222         0
   192/279       15G      1.04       0.4         0      1.44         2       512     0.987         1     0.995     0.994     0.509     0.224         0
   193/279       15G      1.12      0.41         0      1.53         5       512      0.99         1     0.995     0.995     0.548     0.226         0
   194/279       15G     0.869     0.401         0      1.27         3       512     0.991         1     0.995     0.995      0.52     0.232         0
   195/279       15G     0.984     0.386         0      1.37         3       512     0.991         1     0.995     0.995     0.476     0.234         0
   196/279       15G     0.931     0.484         0      1.41         5       512     0.991         1     0.995     0.996     0.448     0.234         0
   197/279       15G      1.01     0.414         0      1.42         4       512     0.991         1     0.995     0.996     0.476     0.225         0
   198/279       15G      1.05     0.424         0      1.48         2       512     0.992         1     0.995     0.996     0.482     0.227         0
   199/279       15G     0.993      0.42         0      1.41         3       512     0.992         1     0.995     0.996     0.477     0.231         0
   200/279       15G     0.967     0.346         0      1.31         1       512     0.993         1     0.995     0.996     0.489      0.23         0
   201/279       15G     0.814      0.39         0       1.2         1       512     0.994         1     0.995     0.997     0.462     0.229         0
   202/279       15G      1.02     0.404         0      1.42         5       512     0.989         1     0.995     0.995     0.544     0.234         0
   203/279       15G     0.921     0.524         0      1.44         4       512     0.994         1     0.995     0.997     0.512      0.23         0
   204/279       15G     0.814      0.43         0      1.24         4       512     0.994         1     0.995     0.997     0.475     0.214         0
   205/279       15G      1.04     0.407         0      1.45         2       512     0.995     0.999     0.995     0.997     0.498      0.21         0
   206/279       15G      1.05     0.413         0      1.46         2       512     0.995         1     0.995     0.997     0.537     0.218         0
   207/279       15G      1.05     0.376         0      1.43         1       512     0.994         1     0.995     0.997     0.494     0.209         0
   208/279       15G     0.997     0.438         0      1.44         3       512     0.993         1     0.995     0.996     0.469     0.209         0
   209/279       15G     0.917     0.399         0      1.32         2       512     0.993         1     0.995     0.996     0.448     0.204         0
   210/279       15G     0.878     0.369         0      1.25         2       512     0.993         1     0.995     0.996     0.437     0.203         0
   211/279       15G      0.95     0.349         0       1.3         3       512     0.991         1     0.995     0.996     0.434     0.203         0
   212/279       15G     0.865     0.402         0      1.27         3       512     0.989         1     0.995     0.995     0.435     0.203         0
   213/279       15G     0.965     0.368         0      1.33         4       512     0.989         1     0.995     0.995     0.435     0.203         0
   214/279       15G     0.953     0.394         0      1.35         3       512     0.988         1     0.995     0.994     0.465     0.211         0
   215/279       15G     0.931     0.393         0      1.32         3       512     0.988         1     0.995     0.994     0.441     0.209         0
   216/279       15G      0.98      0.32         0       1.3         3       512     0.987         1     0.995     0.994     0.439     0.209         0
   217/279       15G     0.764     0.368         0      1.13         2       512     0.987         1     0.995     0.994     0.427     0.208         0
   218/279       15G     0.946     0.329         0      1.28         2       512     0.988         1     0.995     0.994     0.438      0.21         0
   219/279       15G     0.947     0.348         0      1.29         6       512     0.988         1     0.995     0.994     0.424     0.205         0
   220/279       15G     0.798     0.293         0      1.09         2       512     0.989         1     0.995     0.994     0.412     0.207         0
   221/279       15G     0.826     0.366         0      1.19         2       512      0.99         1     0.995     0.995     0.399     0.205         0
   222/279       15G     0.866      0.42         0      1.29         5       512      0.99         1     0.995     0.995     0.391     0.204         0
   223/279       15G      1.02     0.373         0      1.39         3       512     0.991         1     0.995     0.995     0.396     0.203         0
   224/279       15G     0.788     0.408         0       1.2         2       512     0.991         1     0.995     0.995     0.388     0.203         0
   225/279       15G     0.821     0.426         0      1.25         5       512     0.991         1     0.995     0.995     0.392     0.201         0
   226/279       15G     0.801     0.306         0      1.11         2       512     0.991         1     0.995     0.996     0.412       0.2         0
   227/279       15G     0.846     0.343         0      1.19         4       512     0.991         1     0.995     0.996     0.402     0.196         0
   228/279       15G     0.778     0.317         0      1.09         4       512     0.991         1     0.995     0.996      0.38     0.193         0
   229/279       15G     0.819     0.366         0      1.18         4       512     0.991         1     0.995     0.996     0.387     0.189         0
   230/279       15G     0.791     0.395         0      1.19         2       512     0.991         1     0.995     0.995      0.42      0.19         0
   231/279       15G     0.848     0.427         0      1.27         8       512     0.991         1     0.995     0.995     0.393     0.187         0
   232/279       15G      0.92     0.346         0      1.27         2       512     0.991         1     0.995     0.995      0.37     0.184         0
   233/279       15G     0.806     0.338         0      1.14         2       512     0.991         1     0.995     0.995     0.379     0.185         0
   234/279       15G     0.683     0.287         0      0.97         2       512     0.991         1     0.995     0.996     0.425     0.192         0
   235/279       15G     0.714     0.311         0      1.03         2       512     0.991         1     0.995     0.996     0.413     0.189         0
   236/279       15G      0.94     0.304         0      1.24         2       512     0.991         1     0.995     0.996     0.402     0.186         0
   237/279       15G     0.851     0.375         0      1.23         4       512     0.991         1     0.995     0.996     0.383      0.18         0
   238/279       15G     0.803     0.356         0      1.16         3       512     0.991         1     0.995     0.996     0.381     0.178         0
   239/279       15G     0.719     0.401         0      1.12         3       512     0.991         1     0.995     0.996      0.38     0.177         0
   240/279       15G     0.747     0.315         0      1.06         4       512     0.991         1     0.995     0.996     0.377     0.178         0
   241/279       15G     0.816     0.318         0      1.13         2       512     0.991         1     0.995     0.996     0.367      0.18         0
   242/279       15G     0.732     0.338         0      1.07         2       512     0.991         1     0.995     0.996     0.406     0.182         0
   243/279       15G     0.778     0.305         0      1.08         1       512     0.991         1     0.995     0.996     0.395     0.181         0
   244/279       15G     0.902     0.367         0      1.27         4       512     0.991         1     0.995     0.996     0.404     0.186         0
   245/279       15G      0.77     0.364         0      1.13         5       512     0.991         1     0.995     0.996     0.369      0.18         0
   246/279       15G     0.851     0.312         0      1.16         2       512     0.991         1     0.995     0.996     0.368     0.184         0
   247/279       15G     0.763      0.37         0      1.13         3       512     0.991         1     0.995     0.996     0.365     0.182         0
   248/279       15G       0.7     0.379         0      1.08         4       512     0.991         1     0.995     0.996     0.365      0.18         0
   249/279       15G     0.796     0.296         0      1.09         3       512     0.991         1     0.995     0.996     0.354     0.178         0
   250/279       15G     0.712     0.347         0      1.06         5       512     0.991         1     0.995     0.996     0.348     0.176         0
   251/279       15G     0.624     0.327         0     0.951         2       512     0.991         1     0.995     0.996     0.352     0.175         0
   252/279       15G     0.717     0.321         0      1.04         6       512     0.991         1     0.995     0.996     0.353     0.175         0
   253/279       15G     0.774     0.332         0      1.11         4       512     0.991         1     0.995     0.996     0.347     0.176         0
   254/279       15G     0.857     0.276         0      1.13         2       512     0.991         1     0.995     0.996     0.342     0.176         0
   255/279       15G     0.675     0.296         0     0.972         2       512     0.991         1     0.995     0.996     0.344     0.175         0
   256/279       15G     0.811     0.395         0      1.21         4       512     0.991         1     0.995     0.996     0.348     0.174         0
   257/279       15G     0.735     0.258         0     0.993         2       512     0.991         1     0.995     0.996     0.355     0.176         0
   258/279       15G     0.667     0.362         0      1.03         4       512     0.991         1     0.995     0.996     0.353     0.176         0
   259/279       15G     0.771     0.352         0      1.12         4       512     0.991         1     0.995     0.996     0.348     0.176         0
   260/279       15G     0.737     0.316         0      1.05         3       512     0.991         1     0.995     0.996     0.341     0.179         0
   261/279       15G     0.714     0.297         0      1.01         2       512     0.991         1     0.995     0.996     0.339     0.178         0
   262/279       15G     0.652     0.276         0     0.927         3       512     0.991         1     0.995     0.996     0.347     0.179         0
   263/279       15G      0.76     0.316         0      1.08         6       512     0.991         1     0.995     0.996     0.342     0.178         0
   264/279       15G     0.735     0.382         0      1.12         3       512     0.991         1     0.995     0.996      0.35     0.174         0
   265/279       15G     0.742     0.307         0      1.05         1       512     0.991         1     0.995     0.996     0.351     0.174         0
   266/279       15G     0.687     0.349         0      1.04         2       512     0.991         1     0.995     0.995     0.355     0.176         0
   267/279       15G     0.735     0.283         0      1.02         2       512     0.991         1     0.995     0.995     0.345     0.174         0
   268/279       15G     0.562     0.331         0     0.893         4       512     0.991         1     0.995     0.995     0.343     0.175         0
   269/279       15G     0.721     0.351         0      1.07         7       512     0.991         1     0.995     0.995     0.338     0.175         0
   270/279       15G     0.643     0.345         0     0.988         2       512     0.991         1     0.995     0.996     0.339     0.177         0
   271/279       15G     0.675     0.327         0         1         2       512     0.991         1     0.995     0.996     0.343     0.178         0
   272/279       15G     0.647     0.344         0     0.991         2       512     0.991         1     0.995     0.995     0.339     0.175         0
   273/279       15G     0.684     0.327         0      1.01         4       512     0.991         1     0.995     0.995     0.341     0.173         0
   274/279       15G     0.739      0.32         0      1.06         4       512     0.991         1     0.995     0.995     0.334     0.173         0
   275/279       15G     0.694     0.352         0      1.05         7       512     0.991         1     0.995     0.996     0.337     0.173         0
   276/279       15G     0.752     0.342         0      1.09         4       512     0.991         1     0.995     0.996     0.335     0.174         0
   277/279       15G       0.5     0.323         0     0.823         4       512     0.991         1     0.995     0.996     0.334     0.175         0
   278/279       15G     0.619     0.269         0     0.888         3       512     0.991         1     0.995     0.996     0.331     0.175         0
   279/279       15G     0.681     0.314         0     0.995         4       512     0.991         1     0.995     0.996     0.331     0.174         0
